3.90799e-14 0.946383
0.000502785 0.970233
0.0198417 1.17237
0.0267859 1.24665
0.041631 1.33494
0.0525795 1.53176
0.0767746 1.65405
0.0922977 1.65123
0.100916 1.62504
0.126987 1.55868
0.138915 1.62756
0.171142 1.45831
0.176928 1.31722
0.186536 1.29871
0.233178 0.985904
0.25236 0.820197
0.270315 0.71711
0.287904 0.708658
0.333529 0.602555
0.334284 0.583338
0.364602 0.589934
0.464211 0.764539
0.5095 0.819044
0.512203 0.845896
0.525252 0.852383
0.525972 0.879287
0.52675 0.856886
0.542743 0.898619
0.556094 0.861181
0.577967 0.971398
0.58678 0.9262
0.61755 0.992771
0.624407 0.935533
0.676226 1.02811
0.678877 1.01582
0.701703 0.98671
0.738759 1.02941
0.752707 0.93751
0.767051 0.930732
0.785343 0.958668
0.810429 0.911533
0.852681 0.917673
0.861905 0.900774
0.875981 0.85925
0.876312 0.845003
0.886314 0.846598
0.893906 0.85219
0.920261 0.785816
0.931731 0.769731
0.954887 0.75186
0.984891 0.641
