   0.0000000e+00   6.8264461e-01
   4.5454545e-02   1.0997850e+00
   9.0909091e-02   7.1968390e-01
   1.3636364e-01   7.9794362e-01
   1.8181818e-01   1.2371113e+00
   2.2727273e-01   8.4894243e-01
   2.7272727e-01   1.2871934e+00
   3.1818182e-01   9.2555292e-01
   3.6363636e-01   1.5525107e+00
   4.0909091e-01   1.2153000e+00
   4.5454545e-01   1.0196946e+00
   5.0000000e-01   1.5394550e+00
   5.4545455e-01   7.0979339e-01
   5.9090909e-01   1.1718242e+00
   6.3636364e-01   1.4419059e+00
   6.8181818e-01   1.6465947e+00
   7.2727273e-01   1.0980760e+00
   7.7272727e-01   5.6882842e-01
   8.1818182e-01   2.2775533e+00
   8.6363636e-01   3.9208469e-01
   9.0909091e-01   1.2961647e+00
   9.5454545e-01   9.6623067e-01
   1.0000000e+00   9.8931382e-01
   1.0454545e+00   1.4601224e+00
   1.0909091e+00   9.7450472e-01
   1.1363636e+00   1.9915643e+00
   1.1818182e+00   7.5618196e-01
   1.2272727e+00   7.4945716e-01
   1.2727273e+00   1.6563964e+00
   1.3181818e+00   1.1727536e+00
   1.3636364e+00   1.5762244e+00
   1.4090909e+00   8.7744824e-01
   1.4545455e+00   1.6010583e+00
   1.5000000e+00   5.9150581e-01
   1.5454545e+00   1.3247567e+00
   1.5909091e+00   1.4546042e+00
   1.6363636e+00   1.1650045e+00
   1.6818182e+00   1.9760111e+00
   1.7272727e+00   1.3247599e+00
   1.7727273e+00   1.4764248e+00
   1.8181818e+00   1.5508552e+00
   1.8636364e+00   1.8620379e+00
   1.9090909e+00   1.1421779e+00
   1.9545455e+00   2.0337247e+00
   2.0000000e+00   2.0797139e+00
   2.0454545e+00   3.1183683e+00
   2.0909091e+00   4.1581977e+00
   2.1363636e+00   6.3381369e+00
   2.1818182e+00   7.9249751e+00
   2.2272727e+00   7.5369808e+00
   2.2727273e+00   9.1384857e+00
   2.3181818e+00   6.7882698e+00
   2.3636364e+00   5.6243410e+00
   2.4090909e+00   4.0668807e+00
   2.4545455e+00   3.1596401e+00
   2.5000000e+00   3.8715155e+00
   2.5454545e+00   1.5037895e+00
   2.5909091e+00   2.6750776e+00
   2.6363636e+00   1.4877941e+00
   2.6818182e+00   2.0815943e+00
   2.7272727e+00   1.6980076e+00
   2.7727273e+00   1.0847020e+00
   2.8181818e+00   2.0636491e+00
   2.8636364e+00   1.0472711e+00
   2.9090909e+00   2.8703860e+00
   2.9545455e+00   1.1024937e+00
   3.0000000e+00   2.6957287e+00
   3.0454545e+00   1.5630266e+00
   3.0909091e+00   8.4355487e-01
   3.1363636e+00   2.3772408e+00
   3.1818182e+00   9.3526907e-01
   3.2272727e+00   2.2234671e+00
   3.2727273e+00   1.0163949e+00
   3.3181818e+00   1.7344990e+00
   3.3636364e+00   1.3343392e+00
   3.4090909e+00   1.2524720e+00
   3.4545455e+00   1.2905377e+00
   3.5000000e+00   8.8202755e-01
   3.5454545e+00   1.9097607e+00
   3.5909091e+00   9.8958144e-01
   3.6363636e+00   1.7505947e+00
   3.6818182e+00   9.3039668e-01
   3.7272727e+00   1.4665164e+00
   3.7727273e+00   1.8285017e+00
   3.8181818e+00   4.5257337e-01
   3.8636364e+00   1.8281527e+00
   3.9090909e+00   1.4208594e+00
   3.9545455e+00   1.6215032e+00
   4.0000000e+00   1.0395817e+00
   4.0454545e+00   1.6898866e+00
   4.0909091e+00   2.1738566e+00
   4.1363636e+00   1.1592548e+00
   4.1818182e+00   2.2976504e+00
   4.2272727e+00   7.1333397e-01
   4.2727273e+00   2.7026263e+00
   4.3181818e+00   1.7492131e+00
   4.3636364e+00   1.9052725e+00
   4.4090909e+00   2.9773630e+00
   4.4545455e+00   2.5735324e+00
   4.5000000e+00   4.6125308e+00
   4.5454545e+00   4.5051149e+00
   4.5909091e+00   6.2925658e+00
   4.6363636e+00   6.8115555e+00
   4.6818182e+00   9.7676344e+00
   4.7272727e+00   1.0382205e+01
   4.7727273e+00   1.0809629e+01
   4.8181818e+00   1.1756562e+01
   4.8636364e+00   1.1087161e+01
   4.9090909e+00   1.1344991e+01
   4.9545455e+00   8.1696676e+00
   5.0000000e+00   7.5156667e+00
   5.0454545e+00   6.9202202e+00
   5.0909091e+00   6.0143419e+00
   5.1363636e+00   4.2474382e+00
   5.1818182e+00   2.4655732e+00
   5.2272727e+00   3.6686521e+00
   5.2727273e+00   2.4772725e+00
   5.3181818e+00   2.1232859e+00
   5.3636364e+00   1.5337550e+00
   5.4090909e+00   9.6754884e-01
   5.4545455e+00   2.1983420e+00
   5.5000000e+00   1.7668053e+00
   5.5454545e+00   1.5925378e+00
   5.5909091e+00   7.1199506e-01
   5.6363636e+00   1.4296476e+00
   5.6818182e+00   1.1616685e+00
   5.7272727e+00   1.1372985e+00
   5.7727273e+00   1.5782384e+00
   5.8181818e+00   8.1608792e-01
   5.8636364e+00   1.5543640e+00
   5.9090909e+00   1.4078872e+00
   5.9545455e+00   1.0316268e+00
   6.0000000e+00   1.1852008e+00
   6.0454545e+00   9.2379299e-01
   6.0909091e+00   2.0076471e+00
   6.1363636e+00   7.7081545e-01
   6.1818182e+00   1.9451113e+00
   6.2272727e+00   1.0106123e+00
   6.2727273e+00   1.3065703e+00
   6.3181818e+00   1.8205320e+00
   6.3636364e+00   1.4945580e+00
   6.4090909e+00   1.5350407e+00
   6.4545455e+00   7.9495292e-01
   6.5000000e+00   2.3731277e+00
   6.5454545e+00   1.3617951e+00
   6.5909091e+00   2.0911419e+00
   6.6363636e+00   1.2754732e+00
   6.6818182e+00   9.3730537e-01
   6.7272727e+00   1.3977471e+00
   6.7727273e+00   1.6666264e+00
   6.8181818e+00   2.1792791e+00
   6.8636364e+00   4.2063642e-01
   6.9090909e+00   1.3625560e+00
   6.9545455e+00   1.4706891e+00
   7.0000000e+00   1.6962513e+00
   7.0454545e+00   1.2619459e+00
   7.0909091e+00   1.1648217e+00
   7.1363636e+00   1.1143122e+00
   7.1818182e+00   1.3033503e+00
   7.2272727e+00   2.6615171e+00
   7.2727273e+00   1.4989763e+00
   7.3181818e+00   1.1584776e+00
   7.3636364e+00   1.4052102e+00
   7.4090909e+00   1.8499657e+00
   7.4545455e+00   2.2066519e+00
   7.5000000e+00   1.1819717e+00
   7.5454545e+00   1.7147258e+00
   7.5909091e+00   1.6184780e+00
   7.6363636e+00   2.1864942e+00
   7.6818182e+00   3.0609343e+00
   7.7272727e+00   1.8095365e+00
   7.7727273e+00   2.5709298e+00
   7.8181818e+00   1.0342704e+00
   7.8636364e+00   3.9225382e+00
   7.9090909e+00   2.1391806e+00
   7.9545455e+00   2.5816503e+00
   8.0000000e+00   2.3589561e+00
   8.0454545e+00   3.1274604e+00
   8.0909091e+00   3.3236086e+00
   8.1363636e+00   2.5193978e+00
   8.1818182e+00   4.2298670e+00
   8.2272727e+00   3.2679472e+00
   8.2727273e+00   3.6465963e+00
   8.3181818e+00   3.5317907e+00
   8.3636364e+00   3.4286120e+00
   8.4090909e+00   6.2214481e+00
   8.4545455e+00   3.5245517e+00
   8.5000000e+00   5.7737609e+00
   8.5454545e+00   4.4448503e+00
   8.5909091e+00   5.3660412e+00
   8.6363636e+00   4.7422730e+00
   8.6818182e+00   4.4303244e+00
   8.7272727e+00   4.9904944e+00
   8.7727273e+00   2.9367530e+00
   8.8181818e+00   3.7770890e+00
   8.8636364e+00   1.8838708e+00
   8.9090909e+00   3.5534823e+00
   8.9545455e+00   1.5811941e+00
   9.0000000e+00   1.7130300e+00
   9.0454545e+00   1.4435093e+00
   9.0909091e+00   1.2558472e+00
   9.1363636e+00   2.1897119e+00
   9.1818182e+00   1.4065099e+00
   9.2272727e+00   1.5682641e+00
   9.2727273e+00   1.1289658e+00
   9.3181818e+00   9.1947278e-01
   9.3636364e+00   9.9038976e-01
   9.4090909e+00   8.6264027e-01
   9.4545455e+00   2.0739876e+00
   9.5000000e+00   1.0685566e+00
   9.5454545e+00   1.5218429e+00
   9.5909091e+00   1.1320367e+00
   9.6363636e+00   1.4481528e+00
   9.6818182e+00   2.0898515e+00
   9.7272727e+00   2.0691063e+00
   9.7727273e+00   2.1635668e+00
   9.8181818e+00   6.6281249e-01
   9.8636364e+00   1.5354236e+00
   9.9090909e+00   1.4657908e+00
   9.9545455e+00   1.6723760e+00
   1.0000000e+01   1.7343531e+00
